# Time-averaged data for fix ss
# TimeStep v_strain v_stress v_p2 v_p3 v_p4 v_PE v_KE
250 0.002005 0.418107 -0.016293 0.00434679 0.126141 -161489 272.671
500 0.004505 1.81215 0.0400641 0.0213056 0.546717 -161581 189.853
750 0.007005 2.89173 -0.0114379 -0.00669072 0.872423 -161591 172.558
1000 0.009505 4.20379 -0.00499257 -0.0103954 1.26826 -161552 191.436
1250 0.012005 5.59559 0.00233576 -0.0006078 1.68816 -161544 176.788
1500 0.014505 7.01449 0.0155084 0.0272928 2.11624 -161507 182.265
1750 0.017005 8.20733 -0.00189514 0.00470285 2.47611 -161465 186.001
2000 0.019505 9.38256 -0.0125483 -0.0200163 2.83068 -161432 175.499
2250 0.022005 10.734 -0.0243209 -0.0087058 3.23841 -161366 188.034
2500 0.024505 12.1164 -0.00231869 0.0151956 3.65546 -161317 179.414
2750 0.027005 13.4566 0.00936504 0.0148765 4.0598 -161250 180.104
3000 0.029505 14.7089 0.00284068 0.00895866 4.43762 -161172 186.608
3250 0.032005 15.9906 0.00784543 0.00696463 4.82428 -161104 177.204
3500 0.034505 17.2405 0.0134276 -0.00271243 5.20138 -161009 185.775
3750 0.037005 18.4741 0.00272126 0.00884568 5.57356 -160921 181.098
4000 0.039505 19.7475 0.00767311 0.0169045 5.95773 -160824 180.125
4250 0.042005 20.8496 -0.00884222 -0.0028218 6.29023 -160713 185.892
4500 0.044505 21.9138 -0.0330291 -0.018741 6.61128 -160611 178.958
4750 0.047005 23.2851 -0.00520449 0.0141598 7.02502 -160480 189.882
5000 0.049505 24.3395 -0.000424442 -0.0152496 7.34311 -160365 182.08
5250 0.052005 25.5031 -0.00448677 -0.000969296 7.69417 -160236 181.488
5500 0.054505 26.706 0.0141072 0.0144367 8.05708 -160093 186.674
5750 0.057005 27.6011 -0.00495032 -0.0169889 8.32711 -159958 181.411
6000 0.059505 28.6003 -0.0251745 -0.0078902 8.62857 -159805 186.173
6250 0.062005 29.7538 0.0110373 -0.00255751 8.97659 -159658 181.591
6500 0.064505 30.7687 0.0170335 0.00526133 9.28276 -159499 181.701
6750 0.067005 31.7761 0.0263025 0.0201805 9.5867 -159328 189.37
7000 0.069505 32.6499 0.0204812 0.0133009 9.85033 -159172 178.9
7250 0.072005 33.3774 0.0056542 -0.00626343 10.0698 -158991 186.195
7500 0.074505 34.1932 -0.00474619 -0.00693336 10.3159 -158825 176.686
7750 0.077005 34.9147 -0.0127705 -0.0121425 10.5336 -158636 183.317
8000 0.079505 35.8128 0.00529918 0.0176279 10.8046 -158451 182.173
8250 0.082005 36.4563 0.00632611 -0.00333672 10.9987 -158262 181.538
8500 0.084505 36.9861 -0.0242102 -0.0207292 11.1585 -158064 185.048
8750 0.087005 37.689 -0.00888851 -0.0231955 11.3706 -157867 184.101
9000 0.089505 38.3427 -0.0187587 -0.0113717 11.5678 -157672 179.424
9250 0.092005 39.0115 0.00568446 -0.0102152 11.7696 -157458 187.953
9500 0.094505 39.7062 0.0155149 0.0071627 11.9792 -157259 180.517
9750 0.097005 40.0403 -0.0268989 -0.0258082 12.08 -157044 182.913
10000 0.099505 40.6816 -0.00537809 -0.0235633 12.2735 -156829 183.159
10250 0.102005 41.3672 -0.000216751 -0.00239232 12.4803 -156613 181.006
10500 0.104505 41.7721 -0.0318854 -0.0342247 12.6025 -156389 184.486
10750 0.107005 42.6616 0.00606946 0.0217921 12.8708 -156156 188.941
11000 0.109505 43.0999 -0.0240774 -0.0324933 13.0031 -155941 182.636
11250 0.112005 43.9904 -0.000647777 -0.0091814 13.2717 -155714 180.178
11500 0.114505 44.8084 0.0110678 0.00513859 13.5185 -155472 186.313
11750 0.117005 45.3961 -0.0315086 -0.0163551 13.6958 -155242 184.101
12000 0.119505 46.1759 -0.027382 -0.0277755 13.9311 -155006 182.722
12250 0.122005 47.1019 -0.011726 -0.017458 14.2104 -154767 179.649
12500 0.124505 47.9624 -0.0286521 -0.012351 14.4701 -154510 185.32
12750 0.127005 49.1935 0.04335 0.0260105 14.8414 -154267 180.353
13000 0.129505 49.6914 -0.0234466 -0.0201947 14.9917 -154015 180.452
13250 0.132005 50.6492 -0.015565 -0.0189709 15.2806 -153758 178.526
13500 0.134505 51.685 -0.00525486 0.00236948 15.5931 -153484 185.963
13750 0.137005 52.6445 0.00247357 -0.000391518 15.8826 -153219 183.461
14000 0.139505 50.3119 -0.0352887 -0.0452285 15.1789 -152943 524.085
14250 0.142005 22.0594 -0.252225 -0.293468 6.65523 -154688 1327.74
14500 0.144505 0.100956 -0.0687989 -0.13671 0.030458 -157321 1269.91
14750 0.147005 0.560862 -0.010032 -0.0114449 0.16921 -158311 314.264
15000 0.149505 -0.679758 0.0402404 0.0590052 -0.20508 -158571 155.082
15250 0.152005 0.739081 -0.0810716 -0.100372 0.222978 -158530 181.644
15500 0.154505 -0.529326 0.0315076 0.0396914 -0.159695 -158490 215.307
15750 0.157005 0.0356505 -0.0282432 -0.0169411 0.0107556 -158561 160.095
16000 0.159505 0.22212 -0.0291244 -0.0308956 0.0670126 -158519 193.845
16250 0.162005 -0.441324 0.0537007 0.0590187 -0.133145 -158530 182.284
16500 0.164505 0.487843 -0.0273952 -0.0244079 0.14718 -158540 171.784
16750 0.167005 -0.260246 0.0430481 0.022403 -0.0785151 -158526 187.571
17000 0.169505 0.0375535 0.0033533 0.00189311 0.0113297 -158535 182.3
17250 0.172005 0.404396 -0.0173191 -0.0266518 0.122004 -158503 204.636
17500 0.174505 -0.327486 0.0346858 0.0316321 -0.0988009 -158548 167.958
17750 0.177005 0.316391 -0.0257065 -0.0496253 0.0954539 -158544 174.536
18000 0.179505 -0.166252 0.00955422 0.0264318 -0.0501574 -158509 199.613
18250 0.182005 -0.129113 0.00997417 0.00154987 -0.0389527 -158559 163.236
18500 0.184505 0.217857 -0.0363264 -0.0389846 0.0657264 -158520 194.411
18750 0.187005 -0.33169 0.0260485 0.0258914 -0.100069 -158540 180.273
19000 0.189505 0.283696 -0.0523817 -0.0496287 0.08559 -158546 172.721
19250 0.192005 -0.147292 0.0128717 0.0237107 -0.0444373 -158521 197.048
19500 0.194505 -0.0312356 0.00238982 0.0109441 -0.00942365 -158554 170.304
19750 0.197005 0.255035 -0.036592 -0.0183662 0.0769431 -158517 194.355
20000 0.199505 -0.246646 0.0311285 0.0446829 -0.0744121 -158539 176.348
20250 0.202005 0.0340362 -0.0419529 -0.0441142 0.0102686 -158506 195.979
20500 0.204505 -0.105241 0.0122814 -0.00283288 -0.0317507 -158522 182.47
20750 0.207005 -0.0088924 0.010089 0.0112379 -0.0026828 -158526 178.942
21000 0.209505 -0.0363165 -0.0299833 -0.0388033 -0.0109565 -158534 177.918
21250 0.212005 0.0142618 0.0311259 0.0415701 0.00430273 -158510 196.38
21500 0.214505 0.097013 -0.0149477 -0.00569317 0.0292684 -158518 186.12
21750 0.217005 -0.00865426 -0.00558923 0.0104102 -0.00261095 -158542 173.303
22000 0.219505 -0.0297413 0.00554933 0.00819695 -0.00897283 -158518 187.453
22250 0.222005 0.00408621 -0.021812 -0.0237894 0.00123279 -158511 196.412
22500 0.224505 -0.135217 -0.00219685 0.00179667 -0.0407945 -158541 167.232
22750 0.227005 0.0768004 -0.00538336 -0.00374848 0.0231704 -158513 195.703
23000 0.229505 -0.0213744 0.00410155 0.00861227 -0.00644855 -158546 169.892
23250 0.232005 -0.0365935 0.00820268 0.00633572 -0.0110401 -158526 187.045
23500 0.234505 0.0680879 -0.00158196 -0.00679272 0.0205418 -158529 185.625
23750 0.237005 0.0227143 0.0289214 0.0124661 0.00685282 -158546 171.002
24000 0.239505 0.0569662 -0.00262542 -0.0268667 0.0171865 -158519 195.986
24250 0.242005 0.00632885 0.00189661 -0.000905134 0.00190939 -158542 174.29
24500 0.244505 0.00870211 0.0119291 0.00813127 0.00262539 -158526 188.536
24750 0.247005 -0.0108342 -0.00764127 -0.0241373 -0.00326864 -158538 179.379
25000 0.249505 0.0256224 0.0334368 0.0236914 0.00773018 -158538 181.144
